


A.  .crank_rocker_mechanism.Last_Run.MEA_ANGUALR_ACCELERATION_3.TIME (sec)
B.  .crank_rocker_mechanism.Last_Run.MEA_ANGUALR_ACCELERATION_3.Q (deg/sec**2)

       A               B         
 0.000000E+000    5.455837E+000   
 6.000000E-002    6.725612E+000   
 1.200000E-001    7.964274E+000   
 1.800000E-001    9.154630E+000   
 2.400000E-001    1.028078E+001   
 3.000000E-001    1.132863E+001   
 3.600000E-001    1.228629E+001   
 4.200000E-001    1.314439E+001   
 4.800000E-001    1.389619E+001   
 5.400000E-001    1.453761E+001   
 6.000000E-001    1.506715E+001   
 6.600000E-001    1.548568E+001   
 7.200000E-001    1.579613E+001   
 7.800000E-001    1.600324E+001   
 8.400000E-001    1.611316E+001   
 9.000000E-001    1.613307E+001   
 9.600000E-001    1.607093E+001   
 1.020000E+000    1.593508E+001   
 1.080000E+000    1.573403E+001   
 1.140000E+000    1.547619E+001   
 1.200000E+000    1.516971E+001   
 1.260000E+000    1.482235E+001   
 1.320000E+000    1.444133E+001   
 1.380000E+000    1.403332E+001   
 1.440000E+000    1.360435E+001   
 1.500000E+000    1.315983E+001   
 1.560000E+000    1.270457E+001   
 1.620000E+000    1.224276E+001   
 1.680000E+000    1.177803E+001   
 1.740000E+000    1.131346E+001   
 1.800000E+000    1.085169E+001   
 1.860000E+000    1.039487E+001   
 1.920000E+000    9.944783E+000   
 1.980000E+000    9.502863E+000   
 2.040000E+000    9.070225E+000   
 2.100000E+000    8.647718E+000   
 2.160000E+000    8.235956E+000   
 2.220000E+000    7.835356E+000   
 2.280000E+000    7.446162E+000   
 2.340000E+000    7.068476E+000   
 2.400000E+000    6.702278E+000   
 2.460000E+000    6.347450E+000   
 2.520000E+000    6.003790E+000   
 2.580000E+000    5.671033E+000   
 2.640000E+000    5.348858E+000   
 2.700000E+000    5.036907E+000   
 2.760000E+000    4.734788E+000   
 2.820000E+000    4.442089E+000   
 2.880000E+000    4.158380E+000   
 2.940000E+000    3.883225E+000   
 3.000000E+000    3.616184E+000   
 3.060000E+000    3.356806E+000   
 3.120000E+000    3.104662E+000   
 3.180000E+000    2.859317E+000   
 3.240000E+000    2.620350E+000   
 3.300000E+000    2.387348E+000   
 3.360000E+000    2.159914E+000   
 3.420000E+000    1.937664E+000   
 3.480000E+000    1.720230E+000   
 3.540000E+000    1.507261E+000   
 3.600000E+000    1.298424E+000   
 3.660000E+000    1.093404E+000   
 3.720000E+000    8.919089E-001   
 3.780000E+000    6.936638E-001   
 3.840000E+000    4.984172E-001   
 3.900000E+000    3.059397E-001   
 3.960000E+000    1.160252E-001   
 4.020000E+000   -7.150793E-002   
 4.080000E+000   -2.568164E-001   
 4.140000E+000   -4.400308E-001   
 4.200000E+000   -6.212547E-001   
 4.260000E+000   -8.005638E-001   
 4.320000E+000   -9.780051E-001   
 4.380000E+000   -1.153596E+000   
 4.440000E+000   -1.327324E+000   
 4.500000E+000   -1.499146E+000   
 4.560000E+000   -1.668987E+000   
 4.620000E+000   -1.836742E+000   
 4.680000E+000   -2.002273E+000   
 4.740000E+000   -2.165414E+000   
 4.800000E+000   -2.325967E+000   
 4.860000E+000   -2.483706E+000   
 4.920000E+000   -2.638378E+000   
 4.980000E+000   -2.789705E+000   
 5.040000E+000   -2.937385E+000   
 5.100000E+000   -3.081100E+000   
 5.160000E+000   -3.220513E+000   
 5.220000E+000   -3.355278E+000   
 5.280000E+000   -3.485040E+000   
 5.340000E+000   -3.609445E+000   
 5.400000E+000   -3.728140E+000   
 5.460000E+000   -3.840781E+000   
 5.520000E+000   -3.947041E+000   
 5.580000E+000   -4.046613E+000   
 5.640000E+000   -4.139217E+000   
 5.700000E+000   -4.224605E+000   
 5.760000E+000   -4.302567E+000   
 5.820000E+000   -4.372935E+000   
 5.880000E+000   -4.435587E+000   
 5.940000E+000   -4.490451E+000   
 6.000000E+000   -4.537509E+000   
 6.060000E+000   -4.576795E+000   
 6.120000E+000   -4.608398E+000   
 6.180000E+000   -4.632460E+000   
 6.240000E+000   -4.649179E+000   
 6.300000E+000   -4.658801E+000   
 6.360000E+000   -4.661620E+000   
 6.420000E+000   -4.657976E+000   
 6.480000E+000   -4.648247E+000   
 6.540000E+000   -4.632844E+000   
 6.600000E+000   -4.612210E+000   
 6.660000E+000   -4.586811E+000   
 6.720000E+000   -4.557131E+000   
 6.780000E+000   -4.523668E+000   
 6.840000E+000   -4.486927E+000   
 6.900000E+000   -4.447414E+000   
 6.960000E+000   -4.405636E+000   
 7.020000E+000   -4.362091E+000   
 7.080000E+000   -4.317270E+000   
 7.140000E+000   -4.271647E+000   
 7.200000E+000   -4.225684E+000   
 7.260000E+000   -4.179823E+000   
 7.320000E+000   -4.134488E+000   
 7.380000E+000   -4.090080E+000   
 7.440000E+000   -4.046980E+000   
 7.500000E+000   -4.005549E+000   
 7.560000E+000   -3.966125E+000   
 7.620000E+000   -3.929024E+000   
 7.680000E+000   -3.894545E+000   
 7.740000E+000   -3.862966E+000   
 7.800000E+000   -3.834545E+000   
 7.860000E+000   -3.809528E+000   
 7.920000E+000   -3.788141E+000   
 7.980000E+000   -3.770598E+000   
 8.040000E+000   -3.757102E+000   
 8.100000E+000   -3.747843E+000   
 8.160000E+000   -3.743003E+000   
 8.220000E+000   -3.742754E+000   
 8.280000E+000   -3.747263E+000   
 8.340000E+000   -3.756692E+000   
 8.400000E+000   -3.771197E+000   
 8.460000E+000   -3.790932E+000   
 8.520000E+000   -3.816048E+000   
 8.580000E+000   -3.846695E+000   
 8.640000E+000   -3.883022E+000   
 8.700000E+000   -3.925176E+000   
 8.760000E+000   -3.973305E+000   
 8.820000E+000   -4.027554E+000   
 8.880000E+000   -4.088068E+000   
 8.940000E+000   -4.154991E+000   
 9.000000E+000   -4.228462E+000   
 9.060000E+000   -4.308616E+000   
 9.120000E+000   -4.395580E+000   
 9.180000E+000   -4.489474E+000   
 9.240000E+000   -4.590404E+000   
 9.300000E+000   -4.698458E+000   
 9.360000E+000   -4.813705E+000   
 9.420000E+000   -4.936186E+000   
 9.480000E+000   -5.065909E+000   
 9.540000E+000   -5.202839E+000   
 9.600000E+000   -5.346892E+000   
 9.660000E+000   -5.497921E+000   
 9.720000E+000   -5.655705E+000   
 9.780000E+000   -5.819937E+000   
 9.840000E+000   -5.990202E+000   
 9.900000E+000   -6.165967E+000   
 9.960000E+000   -6.346551E+000   
 1.002000E+001   -6.531110E+000   
 1.008000E+001   -6.718607E+000   
 1.014000E+001   -6.907784E+000   
 1.020000E+001   -7.097136E+000   
 1.026000E+001   -7.284874E+000   
 1.032000E+001   -7.468896E+000   
 1.038000E+001   -7.646749E+000   
 1.044000E+001   -7.815602E+000   
 1.050000E+001   -7.972205E+000   
 1.056000E+001   -8.112873E+000   
 1.062000E+001   -8.233454E+000   
 1.068000E+001   -8.329326E+000   
 1.074000E+001   -8.395390E+000   
 1.080000E+001   -8.426093E+000   
 1.086000E+001   -8.415464E+000   
 1.092000E+001   -8.357176E+000   
 1.098000E+001   -8.244644E+000   
 1.104000E+001   -8.071147E+000   
 1.110000E+001   -7.829998E+000   
 1.116000E+001   -7.514744E+000   
 1.122000E+001   -7.119408E+000   
 1.128000E+001   -6.638762E+000   
 1.134000E+001   -6.068628E+000   
 1.140000E+001   -5.406192E+000   
 1.146000E+001   -4.650317E+000   
 1.152000E+001   -3.801832E+000   
 1.158000E+001   -2.863779E+000   
 1.164000E+001   -1.841589E+000   
 1.170000E+001   -7.431712E-001   
 1.176000E+001    4.211163E-001   
 1.182000E+001    1.638612E+000   
 1.188000E+001    2.894627E+000   
 1.194000E+001    4.172848E+000   
 1.200000E+001    5.455837E+000   
